0.07857514	
0.08318403	
0.09321479	
0.1033735	
0.1168842	
0.1237211	
0.1338298	
0.1440486	
0.1575533	
0.1643191	
0.1744719	
0.1848436	
0.1982133	
0.2049921	
0.2151349	
0.2252927	
0.2387493	
0.2456892	
0.2557129	
0.2658747	
0.2793104	
0.2861622	
0.296278	
0.3064617	
0.3199014	
0.3267012	
0.336896	
0.3470228	
0.3683563	
0.3726972	
0.3828299	
0.3930227	
0.4064484	
0.4132902	
0.423406	
0.4335917	
0.4471074	
0.4539542	
0.46408	
0.4742717	
0.4877004	
0.4945243	
0.504716	
0.5148318	
0.5282415	
0.5350683	
0.5452761	
0.5635176	
0.5711625	
0.5780523	
0.588155	
0.5982868	
0.6117485	
0.6186403	
0.6287691	
0.6389268	
0.6524055	
0.6592754	
0.6694431	
0.6796149	
0.6930536	
0.6999034	
0.7100622	
0.7202049	
0.7336566	
0.7405304	
0.7506862	
0.760886	
0.7743016	
0.7811355	
0.7912832	
0.801458	
0.8149757	
0.8217415	
0.8319053	
0.842147	
0.8555277	
0.8623935	
0.8725283	
0.8827001	
0.8965277	
0.9030916	
0.9131603	
0.9233251	
0.9368328	
0.9436436	
0.9537904	
0.9641221	
0.9773968	
0.9842017	
0.9943864	
1.004485	
1.01798	
1.024853	
1.034951	
1.045094	
1.058531	
1.065443	
1.075535	
1.085609	
1.099089	
1.106275	
1.116107	
1.126201	
1.139682	
1.146527	
1.156659	
1.166815	
1.180299	
1.187174	
1.197295	
1.207383	
1.22111	
1.227703	
1.237849	
1.248175	
1.261482	
1.268488	
1.278448	
1.288652	
1.302103	
1.308935	
1.31909	
1.329225	
1.342658	
1.359897	
1.364249	
1.374384	
1.387884	
1.394702	
1.404831	
1.414983	
1.428445	
1.435271	
1.445406	
1.455547	
1.469046	
1.476119	
1.490093	
1.500156	
1.513566	
1.520433	
1.530584	
1.540769	
1.554227	
1.561055	
1.57122	
1.581323	
1.594853	
1.60166	
1.611859	
1.621965	
1.635452	
1.642342	
1.652421	
1.662564	
1.676052	
1.68287	
1.693014	
1.703158	
1.71661	
1.723411	
1.733551	
1.743729	
1.757243	
1.764038	
1.774177	
1.784523	
1.797805	
1.804675	
1.814779	
1.824958	
1.838368	
1.845201	
1.855346	
1.865492	
1.878985	
1.885824	
1.897221	
1.906267	
1.919531	
1.926357	
1.93652	
1.946685	
1.960138	
1.967655	
1.984991	
1.989554	
2.002967	
2.009863	
2.019983	
2.030108	
2.043623	
2.050495	
2.060593	
2.070756	
2.084181	
2.091085	
2.101311	
2.111453	
2.124938	
2.131777	
2.141901	
2.152052	
2.165594	
2.172372	
2.182509	
2.192685	
2.206149	
2.212977	
2.223132	
2.233254	
2.24676	
2.253588	
2.263769	
2.273899	
2.287356	
2.294233	
2.304346	
2.314514	
2.327917	
2.335065	
2.344998	
2.355088	
2.368532	
2.375363	
2.385479	
2.395714	
2.409147	
2.41592	
2.426152	
2.436206	
2.449787	
2.456513	
2.46669	
2.476793	
2.49022	
2.505432	
2.509773	
2.519938	
2.533344	
2.540252	
2.550393	
2.560549	
2.574048	
2.580855	
2.591041	
2.6012	
2.614662	
2.621479	
2.631641	
2.641818	
2.65531	
2.662135	
2.672284	
2.682505	
2.695942	
2.702761	
2.712957	
2.723071	
2.736511	
2.743361	
2.753537	
2.763698	
2.777156	
2.783967	
2.794089	
2.80443	
2.817718	
2.824533	
2.834741	
2.844847	
2.858306	
2.865171	
2.875279	
2.885418	
2.899374	
2.90583	
2.915996	
2.926042	
2.939496	
2.946391	
2.95645	
2.966583	
2.980068	
2.986894	
2.997303	
3.007254	
3.020642	
3.027575	
3.037649	
3.047816	
3.061247	
3.068085	
3.078234	
3.088397	
3.101953	
3.108743	
3.118877	
3.129012	
3.142479	
3.14928	
3.16029	
3.170518	
3.183897	
3.190691	
3.200823	
3.211026	
3.224493	
3.231267	
3.241456	
3.251883	
3.265256	
3.272084	
3.282408	
3.292398	
3.305859	
3.312677	
3.322897	
3.332969	
3.348518	
3.355043	
3.365099	
3.375052	
3.388583	
3.395399	
3.405534	
3.415612	
3.429139	
3.436042	
3.446146	
3.456256	
3.469811	
3.476546	
3.486704	
3.496846	
3.51027	
3.52547	
3.529795	
3.540035	
3.553463	
3.56031	
3.57051	
3.580628	
3.594094	
3.600945	
3.611106	
3.621252	
3.634784	
3.641576	
3.651742	
3.661838	
3.675385	
3.682183	
3.692327	
3.702479	
3.71626	
3.722849	
3.732916	
3.743119	
3.756584	
3.763414	
3.773511	
3.783745	
3.797163	
3.804075	
3.814188	
3.832235	58.2387004	58.2416371	69.5309806	69.5339174	
3.842902	58.2365208	58.2416371	69.528801	69.5339174	
3.848889	58.2351667	58.2329105	69.527447	69.5251908	
3.876983	58.2222075	58.2329105	69.5144877	69.5251908	
3.886197	58.2179729	58.2241838	69.5102532	69.5164641	
3.893832	58.2141466	58.2241838	69.5064269	69.5164641	
3.913085	58.2016072	58.2154572	69.4938874	69.4990108	
3.918914	58.1978453	58.2154572	69.4901256	69.4990108	
3.932944	58.1872567	58.2067306	69.4795369	69.4990108	
3.939172	58.1824693	58.2067306	69.4747496	69.4902842	
3.949174	58.1740666	58.1980039	69.4663469	69.4815575	
3.959505	58.1647418	58.1892773	69.4570221	69.4728309	
3.973996	58.1502082	58.1892773	69.4424885	69.4641042	
3.980536	58.1435559	58.1805506	69.4358362	69.4641042	
3.990315	58.1329329	58.171824	69.4252132	69.4553776	
4.000201	58.1216089	58.1543707	69.4138892	69.4379243	
4.025585	58.087471	58.145644	69.3797513	69.4291976	
4.03251	58.0782552	58.1281907	69.3705354	69.4117444	
4.042071	58.0649102	58.1194641	69.3571904	69.4030177	
4.059251	58.0387587	58.0932842	69.331039	69.3942911	
4.078335	58.0074183	58.0845575	69.2996986	69.3768378	
4.084207	57.9978026	58.0671042	69.2900829	69.3681111	
4.094326	57.9804898	58.0583776	69.27277	69.3593845	
4.132088	57.9041791	57.997291	69.1964594	69.298298	
4.144257	57.879632	57.9798378	69.1719122	69.2808447	
4.149797	57.86839	57.9623845	69.1606702	69.2546647	
4.16012	57.8466409	57.9362045	69.1389212	69.2284848	
4.172096	57.8204918	57.9100246	69.1127721	69.1935782	
4.187133	57.7861499	57.875118	69.0784301	69.1586716	
4.192845	57.7731021	57.8402114	69.0653823	69.1324917	
4.204435	57.7455434	57.8053048	69.0378236	69.0975851	
4.213885	57.7226168	57.7791249	69.0148971	69.0626785	
4.228203	57.6864282	57.7442183	68.9787084	69.0277719	
4.235076	57.6689371	57.7093117	68.9612173	69.001592	
4.245513	57.6415855	57.6744051	68.9338658	68.9666854	
4.256258	57.6127378	57.6394985	68.9050181	68.9317788	
4.269157	57.5770197	57.604592	68.8693	68.8968722	
4.277233	57.5543973	57.5696854	68.8466776	68.8619656	
4.287098	57.5261129	57.5347788	68.8183932	68.8270591	
4.29719	57.4965628	57.4998722	68.788843	68.7921525	
4.31016	57.4574511	57.4649656	68.7497313	68.7659725	
4.317882	57.433928	57.430059	68.7262083	68.7310659	
4.328541	57.4006975	57.4038791	68.6929777	68.6961594	
4.338707	57.3683928	57.3689725	68.6606731	68.6612528	
4.35349	57.3199143	57.3340659	68.6121946	68.6263462	
4.359732	57.2993619	57.307886	68.5916422	68.6001662	
4.369736	57.2657112	57.2817061	68.5579914	68.5739863	
4.380154	57.2299967	57.2467995	68.5222769	68.5478064	
4.394325	57.1800732	57.2206195	68.4723535	68.5216264	
4.400401	57.1585909	57.1944396	68.4508712	68.4954465	
4.410873	57.1207663	57.159533	68.4130466	68.4692666	
4.421163	57.0829918	57.1333531	68.3752721	68.43436	
4.435234	57.0299566	57.0984465	68.3222369	68.3994534	
4.442334	57.0030419	57.0635399	68.2953222	68.3645468	
4.452167	56.9651115	57.0286333	68.2573917	68.3296402	
4.462748	56.9236002	56.9937267	68.2158804	68.286007	
4.477019	56.8662365	56.9588201	68.1585167	68.2423738	
4.484601	56.8352523	56.9151869	68.1275325	68.2074672	
4.493977	56.7970556	56.8715537	68.0893359	68.1638339	
4.505704	56.748007	56.8279204	68.0402872	68.1114741	
4.519535	56.6888631	56.7755606	67.9811434	68.0678408	
4.525385	56.6638359	56.7319273	67.9561161	68.0242076	
4.535843	56.6182025	56.6795675	67.9104828	67.9718477	
4.545649	56.574877	56.6272076	67.8671572	67.9194878	
4.560685	56.5068328	56.5748477	67.7991131	67.867128	
4.566317	56.4813349	56.5224878	67.7736151	67.8147681	
4.576915	56.4324967	56.4614013	67.7247769	67.7624082	
4.5879	56.3798869	56.4090414	67.6721671	67.7100483	
4.601824	56.3147469	56.3566815	67.6070272	67.6576885	
4.607939	56.2853711	56.295595	67.5776514	67.5966019	
4.618837	56.2325461	56.2432351	67.5248264	67.5442421	
4.629342	56.1808449	56.1908753	67.4731251	67.4831555	
4.64348	56.1099019	56.1297887	67.4021822	67.4307957	
4.649924	56.0774588	56.0774289	67.3697391	67.3697091	
4.659944	56.0262994	56.025069	67.3185797	67.3260759	
4.669849	55.9751627	55.9639825	67.2674429	67.2649894	
4.684211	55.8995656	55.9203492	67.1918458	67.2213561	
4.691475	55.8611709	55.8592627	67.1534512	67.1602696	
4.701869	55.8054974	55.8156295	67.0977776	67.1079097	
4.711819	55.7515834	55.7632696	67.0438637	67.0555499	
4.726632	55.6698555	55.7109097	66.9621358	67.00319	
4.732659	55.6365323	55.6585498	66.9288126	66.9508301	
4.742449	55.5816895	55.60619	66.8739697	66.9071969	
4.753021	55.5218527	55.5538301	66.814133	66.854837	
4.76824	55.434015	55.5014702	66.7262953	66.8024771	
4.774018	55.4006448	55.4491103	66.6929251	66.7501172	
4.784878	55.3370162	55.3880238	66.6292964	66.6890307	
4.794947	55.2774594	55.3269373	66.5697397	66.6366708	
4.810123	55.1860996	55.2745774	66.4783798	66.5755843	
4.815909	55.1512168	55.2134909	66.4434971	66.5144978	
4.826497	55.086582	55.1524044	66.3788622	66.4534113	
4.854341	54.9104424	54.9778714	66.2027226	66.2788783	
4.864742	54.8445815	54.9429649	66.1368618	66.2439718	
4.8705	54.8079752	54.8818783	66.1002555	66.1741586	
4.881167	54.7393505	54.8120652	66.0316308	66.1043454	
4.891271	54.6737594	54.742252	65.9660396	66.0345322	
4.905749	54.5783009	54.6724388	65.8705811	65.9559924	
4.911956	54.5370818	54.6026256	65.8293621	65.8861793	
4.922663	54.4657343	54.5240858	65.7580146	65.7989128	
4.933439	54.3930254	54.445546	65.6853057	65.7290996	
4.947171	54.2991236	54.3670062	65.5914038	65.6505598	
4.953961	54.2525227	54.2884664	65.5448029	65.57202	
4.963511	54.1854242	54.2099266	65.4777044	65.5022068	
4.975294	54.1033992	54.1401134	65.3956795	65.4323937	
4.98751	54.0174915	54.0703002	65.3097718	65.3538538	
4.994086	53.9700413	53.9917604	65.2623215	65.2840407	
5.004781	53.8940683	53.9219472	65.1863485	65.2142275	
5.0151	53.8193729	53.8434074	65.1116531	65.1356877	
5.030146	53.7089132	53.7648676	65.0011934	65.0658745	
5.03769	53.6533612	53.6863278	64.9456414	64.9873347	
5.047105	53.5834319	53.6165146	64.8757121	64.9175215	
5.057869	53.5027461	53.5467015	64.7950264	64.8389817	
5.073175	53.3864522	53.4681616	64.6787324	64.7691685	
5.079646	53.3371856	53.3896218	64.6294659	64.6993554	
5.089623	53.2605204	53.311082	64.5528007	64.6208156	
5.098912	53.1902344	53.2325422	64.4825146	64.5422757	
5.113946	53.0779682	53.162729	64.3702484	64.4724626	
5.120268	53.0308268	53.0841892	64.3231071	64.3939228	
5.130624	52.9543427	53.0056494	64.246623	64.3153829	
5.140612	52.8811614	52.9271096	64.1734417	64.2281165	
5.155492	52.7736579	52.8485698	64.0659382	64.1495767	
5.161524	52.7301536	52.7700299	64.0224339	64.0623102	
5.171366	52.659788	52.6914901	63.9520682	63.9837704	
5.181387	52.5887757	52.6042237	63.881056	63.8965039	
5.194841	52.4946038	52.5256838	63.7868841	63.8179641	
5.201472	52.4483245	52.447144	63.7406048	63.7394243	
5.212124	52.3746973	52.3598776	63.6669776	63.6521578	
5.223401	52.2975825	52.2900644	63.5898627	63.5823447	
5.236604	52.2083689	52.2115246	63.5006492	63.5038048	
5.244404	52.1558979	52.1329848	63.4481782	63.425265	
5.25495	52.0856836	52.0544449	63.3779639	63.3554518	
5.264115	52.0248947	51.9846318	63.3171749	63.2856387	
5.2784	51.9320574	51.9148186	63.2243377	63.2158255	
5.28591	51.8833579	51.8450054	63.1756381	63.1460123	
5.295856	51.8194883	51.7839189	63.1117686	63.0849258	
5.306619	51.7510333	51.7141057	63.0433136	63.0238393	
5.319733	51.6687906	51.6530192	62.9610708	62.9627528	
5.328302	51.6153403	51.5919327	62.9076206	62.9016662	
5.337297	51.5597081	51.5308462	62.8519884	62.8405797	
5.348202	51.4829029	51.4697596	62.7751831	62.7794932	
5.364063	51.3976491	51.4086731	62.6899293	62.7271333	
5.370382	51.3597253	51.3475866	62.6520056	62.6573201	
5.38085	51.297701	51.2952267	62.5899812	62.6049603	
5.391218	51.2368554	51.2341402	62.5291356	62.5526004	
5.405649	51.1535747	51.1817803	62.4458549	62.4915139	
5.411528	51.119688	51.1294204	62.4119683	62.439154	
5.421349	51.0637876	51.0770606	62.3560679	62.3780675	
5.432279	51.0022619	51.0247007	62.2945422	62.3257076	
5.446535	50.92337	50.9723408	62.2156503	62.2733477	
5.452024	50.8930196	50.9199809	62.1852998	62.2209878	
5.461952	50.8388442	50.8588944	62.1311245	62.1599013	
5.472811	50.7803158	50.8065345	62.0725961	62.0988148	
5.488285	50.6984382	50.745448	61.9907185	62.0377283	
5.494358	50.6663803	50.6930881	61.9586605	61.9766417	
5.50433	50.6143977	50.6407282	61.9066779	61.9242819	
5.514919	50.559857	50.5796417	61.8521373	61.8631953	
5.528526	50.4909765	50.5272818	61.7832567	61.8108355	
5.534497	50.4608569	50.4661953	61.7531372	61.7497489	
5.544859	50.4092781	50.4138354	61.7015584	61.6973891	
5.556317	50.3530501	50.3527489	61.6453303	61.6450292	
5.57055	50.284475	50.300389	61.5767553	61.5839427	
5.576962	50.2537045	50.2480292	61.5459848	61.5403094	
5.586744	50.207387	50.1956693	61.4996673	61.4792229	
5.597289	50.158061	50.1345828	61.4503412	61.4355897	
5.611594	50.0925774	50.0909495	61.3848576	61.3832298	
5.61729	50.0665178	50.0385897	61.358798	61.3395966	
5.627658	50.0199028	49.9862298	61.3121831	61.2959633	
5.638339	49.972503	49.9425965	61.2647832	61.2436035	
5.652547	49.9107654	49.8989633	61.2030457	61.1999702	
5.658845	49.8835171	49.8553301	61.1757973	61.156337	
5.669316	49.8389034	49.8116969	61.1311837	61.1127038	
5.678993	49.7982336	49.7767903	61.0905139	61.0690705	
5.693097	49.7402443	49.733157	61.0325245	61.0254373	
5.699691	49.7132399	49.6895238	61.0055201	60.9905307	
5.709684	49.6729935	49.6546172	60.9652738	60.9556241	
5.719974	49.632176	49.6197106	60.9244563	60.9119909	
5.74307	49.5444458	49.5760774	60.836726	60.8770843	
5.758121	49.4882344	49.5237175	60.7805147	60.8072711	
5.764285	49.4652798	49.4713576	60.7575601	60.7636379	
5.774281	49.4287173	49.4277244	60.7209976	60.7200047	
5.787533	49.3813934	49.3928178	60.6736736	60.6850981	
5.803273	49.3266929	49.3317313	60.6189732	60.6240116	
5.809168	49.3062481	49.314278	60.5985284	60.6065583	
5.819517	49.2710901	49.2793714	60.5633704	60.5716517	
5.833104	49.2261026	49.2444648	60.5183829	60.5367451	
5.840603	49.2014616	49.2095583	60.4937418	60.5105652	
5.850631	49.1691661	49.1746517	60.4614463	60.4756586	
5.860688	49.1373349	49.1484717	60.4296152	60.440752	
5.875415	49.0921822	49.1135652	60.3844625	60.4058454	
5.881013	49.0750348	49.0786586	60.367315	60.3709388	
5.892076	49.0420352	49.043752	60.3343155	60.3360322	
5.902496	49.0115619	49.0088454	60.3038421	60.3011257	
5.916509	48.9718222	48.9739388	60.2641024	60.2749457	
5.922515	48.9548614	48.9477589	60.2471416	60.2487658	
5.933244	48.9253528	48.9215789	60.217633	60.2138592	
5.942712	48.8997774	48.8866723	60.1920577	60.1876793	
5.956983	48.8625892	48.8604924	60.1548694	60.1614993	
5.96447	48.8432412	48.8343125	60.1355214	60.1265927	
5.992274	48.7773742	48.8081325	60.0696545	60.1091394	
6.001794	48.7542458	48.747046	60.0465261	60.0480529	
6.008102	48.7400043	48.7295927	60.0322846	60.021873	
6.018716	48.7159686	48.7034128	60.0082489	59.995693	
6.028862	48.6935102	48.6859595	59.9857904	59.9695131	
6.042595	48.6642659	48.6597795	59.9565461	59.9520598	
6.058605	48.6317089	48.6335996	59.9239891	59.9171532	
6.064872	48.6190227	48.624873	59.911303	59.8996999	
6.075122	48.5989495	48.6074197	59.8912297	59.8909733	
6.089081	48.5728266	48.598693	59.8651068	59.87352	
6.095299	48.5612821	48.5899664	59.8535623	59.8647933	
6.105242	48.5434439	48.5725131	59.8357242	59.8473401	
6.115385	48.5258358	48.5550598	59.818116	59.8298868	
6.129526	48.5025213	48.5463331	59.7948015	59.8211601	
6.136932	48.4904737	48.5288799	59.782754	59.8124335	
6.147496	48.4739834	48.5201532	59.7662637	59.7949802	
6.157182	48.4593583	48.5026999	59.7516386	59.7862535	
6.172307	48.4379778	48.4852466	59.7302581	59.7775269	
6.196364	48.4076541	48.47652	59.6999344	59.7600736	
6.202512	48.3998151	48.4416134	59.6920954	59.7338936	
6.216446	48.3833429	48.4328867	59.6756231	59.725167	
6.222467	48.3762841	48.4154335	59.6685644	59.7077137	
6.232587	48.3650763	48.3979802	59.6573566	59.6989871	
6.242974	48.3541339	48.3805269	59.6464142	59.6815338	
6.25694	48.3405664	48.3630736	59.6328466	59.6640805	
6.263734	48.3340701	48.3543469	59.6263504	59.6466272	
6.274333	48.324625	48.3456203	59.6169053	59.6291739	
6.284818	48.3158305	48.328167	59.6081107	59.6204472	
6.298652	48.3052057	48.3107137	59.597486	59.602994	
6.305248	48.3003993	48.3107137	59.5926796	59.5855407	
6.315236	48.2935178	48.2932604	59.5857981	59.576814	
6.325507	48.2869714	48.2845338	59.5792517	59.5593607	
6.339432	48.2791472	48.2758071	59.5714275	59.5506341	
6.3473	48.2749016	48.2758071	59.5671819	59.5506341	
6.356586	48.2703231	48.2670805	59.5626033	59.5506341	
6.366366	48.2658826	48.2670805	59.5581628	59.5506341	
6.380238	48.2607409	48.2583538	59.5530212	59.5506341	
6.387078	48.2582624	48.2583538	59.5505426	59.5593607	
6.397126	48.2550815	48.2583538	59.5473618	59.5593607	
6.407864	48.2522481	48.2583538	59.5445283	59.5593607	
6.42257	48.2492702	48.2583538	59.5415505	59.5593607	
6.429315	48.2479477	48.2670805	59.5402279	59.5593607	
6.439241	48.2463907	48.2670805	59.5386709	59.5593607	
6.44945	48.2416371	48.2670805	59.5339174	59.5593607	
6.464035	48.2416371	48.2670805	59.5339174	59.5593607	
6.470041	48.2416371	48.2670805	59.5339174	59.5593607	
6.480489	48.2416371	48.2670805	59.5339174	59.5593607	
6.493129	48.2416371	48.2670805	59.5339174	59.5593607	
6.504501	48.2416371	48.2670805	59.5339174	59.5593607	
6.511209	48.2416371	48.2670805	59.5339174	59.5593607	
6.521622	48.2416371	48.2670805	59.5339174	59.5593607	
6.532012	48.2416371	48.2670805	59.5339174	59.5593607	
6.546408	48.2416371	48.2670805	59.5339174	59.5593607	
6.561538	48.2416371	48.2670805	59.5339174	59.5593607	
6.566772	48.2416371	48.2670805	59.5339174	59.5593607	
6.578721	48.2416371	48.2670805	59.5339174	59.5593607	
6.592843	48.2416371	48.2670805	59.5339174	59.5593607	
6.598136	48.2416371	48.2670805	59.5339174	59.5593607	
6.60885	48.2416371	48.2670805	59.5339174	59.5593607	
6.618894	48.2416371	48.2670805	59.5339174	59.5593607	
6.634005	48.2416371	48.2670805	59.5339174	59.5593607	
6.648347	48.2416371	48.2670805	59.5339174	59.5593607	
6.654066	48.2416371	48.2670805	59.5339174	59.5593607	
6.664711	48.2416371	48.2670805	59.5339174	59.5593607	
6.677952	48.2416371	48.2670805	59.5339174	59.5593607	
6.685329	48.2416371	48.2670805	59.5339174	59.5593607	
6.695289	48.2416371	48.2670805	59.5339174	59.5593607	
6.705008	48.2416371	48.2670805	59.5339174	59.5593607	
6.719856	48.2416371	48.2670805	59.5339174	59.5593607	
6.725551	48.2416371	48.2670805	59.5339174	59.5593607	
6.736546	48.2416371	48.2670805	59.5339174	59.5593607	
6.747104	48.2416371	48.2670805	59.5339174	59.5593607	
6.761401	48.2416371	48.2670805	59.5339174	59.5593607	
6.767735	48.2416371	48.2670805	59.5339174	59.5593607	
6.778179	48.2416371	48.2670805	59.5339174	59.5593607	
6.788154	48.2416371	48.2670805	59.5339174	59.5593607	
6.80283	48.2416371	48.2670805	59.5339174	59.5593607	
6.808743	48.2416371	48.2670805	59.5339174	59.5593607	
6.818831	48.2416371	48.2670805	59.5339174	59.5593607	
6.828157	48.2416371	48.2670805	59.5339174	59.5593607	
6.843731	48.2416371	48.2670805	59.5339174	59.5593607	
6.849703	48.2416371	48.2670805	59.5339174	59.5593607	
6.859934	48.2416371	48.2670805	59.5339174	59.5593607	
6.869921	48.2416371	48.2670805	59.5339174	59.5593607	
6.884698	48.2416371	48.2670805	59.5339174	59.5593607	
6.890299	48.2416371	48.2670805	59.5339174	59.5593607	
6.899703	48.2416371	48.2670805	59.5339174	59.5593607	
6.920273	48.2416371	48.2670805	59.5339174	59.5593607	
6.92999	48.2416371	48.2670805	59.5339174	59.5593607	
6.946164	48.2416371	48.2670805	59.5339174	59.5593607	
6.952401	48.2416371	48.2670805	59.5339174	59.5593607	
6.961511	48.2416371	48.2670805	59.5339174	59.5593607	
6.977458	48.2416371	48.2670805	59.5339174	59.5593607	
6.98316	48.2416371	48.2670805	59.5339174	59.5593607	
6.993081	48.2416371	48.2670805	59.5339174	59.5593607	
7.003049	48.2416371	48.2670805	59.5339174	59.5593607	
7.018182	48.2416371	48.2670805	59.5339174	59.5593607	
7.024078	48.2416371	48.2670805	59.5339174	59.5593607	
7.034409	48.2416371	48.2670805	59.5339174	59.5593607	
7.045537	48.2416371	48.2670805	59.5339174	59.5593607	
7.059289	48.2416371	48.2670805	59.5339174	59.5593607	
7.067287	48.2416371	48.2670805	59.5339174	59.5593607	
7.075454	48.2416371	48.2670805	59.5339174	59.5593607	
7.086209	48.2416371	48.2670805	59.5339174	59.5593607	
7.101372	48.2416371	48.2670805	59.5339174	59.5593607	
7.107158	48.2416371	48.2670805	59.5339174	59.5593607	
7.127476	48.2416371	48.2670805	59.5339174	59.5593607	
7.132727	48.2416371	48.2670805	59.5339174	59.5593607	
7.147402	48.2416371	48.2670805	59.5339174	59.5593607	
7.153533	48.2416371	48.2670805	59.5339174	59.5593607	
7.164455	48.2416371	48.2670805	59.5339174	59.5593607	
7.17433	48.2416371	48.2670805	59.5339174	59.5593607	
7.188936	48.2416371	48.2670805	59.5339174	59.5593607	
7.194672	48.2416371	48.2670805	59.5339174	59.5593607	
7.205165	48.2416371	48.2670805	59.5339174	59.5593607	
7.215255	48.2416371	48.2670805	59.5339174	59.5593607	
7.229357	48.2416371	48.2670805	59.5339174	59.5593607	
7.235407	48.2416371	48.2670805	59.5339174	59.5593607	
7.245833	48.2416371	48.2670805	59.5339174	59.5593607	
7.256328	48.2416371	48.2670805	59.5339174	59.5593607	
7.270117	48.2416371	48.2670805	59.5339174	59.5593607	
7.277847	48.2416371	48.2670805	59.5339174	59.5593607	
7.288738	48.2416371	48.2670805	59.5339174	59.5593607	
7.298041	48.2416371	48.2670805	59.5339174	59.5593607	
7.313037	48.2416371	48.2670805	59.5339174	59.5593607	
7.327228	48.2416371	48.2670805	59.5339174	59.5593607	
7.332047	48.2416371	48.2670805	59.5339174	59.5593607	
7.343553	48.2416371	48.2670805	59.5339174	59.5593607	
7.367438	48.2416371	48.2670805	59.5339174	59.5593607	
7.373321	48.2416371	48.2670805	59.5339174	59.5593607	
7.382732	48.2416371	48.2670805	59.5339174	59.5593607	
7.394102	48.2416371	48.2670805	59.5339174	59.5593607	
7.407232	48.2416371	48.2670805	59.5339174	59.5593607	
7.414914	48.2416371	48.2670805	59.5339174	59.5593607	
7.425039	48.2416371	48.2670805	59.5339174	59.5593607	
7.435289	48.2416371	48.2670805	59.5339174	59.5593607	
7.449722	48.2416371	48.2670805	59.5339174	59.5593607	
7.455386	48.2416371	48.2670805	59.5339174	59.5593607	
7.465937	48.2416371	48.2670805	59.5339174	59.5593607	
7.475662	48.2416371	48.2670805	59.5339174	59.5593607	
7.490333	48.2416371	48.2670805	59.5339174	59.5593607	
7.497645	48.2416371	48.2670805	59.5339174	59.5593607	
7.507977	48.2416371	48.2670805	59.5339174	59.5593607	
7.517993	48.2416371	48.2670805	59.5339174	59.5593607	
7.53312	48.2416371	48.2670805	59.5339174	59.5593607	
7.539062	48.2416371	48.2670805	59.5339174	59.5593607	
7.549092	48.2416371	48.2670805	59.5339174	59.5593607	
7.568633	48.2416371	48.2670805	59.5339174	59.5593607	
7.578152	48.2416371	48.2670805	59.5339174	59.5593607	
7.584145	48.2416371	48.2670805	59.5339174	59.5593607	
7.594515	48.2416371	48.2670805	59.5339174	59.5593607	
7.605619	48.2416371	48.2670805	59.5339174	59.5593607	
7.618745	48.2416371	48.2670805	59.5339174	59.5593607	
7.62642	48.2416371	48.2670805	59.5339174	59.5593607	
7.636423	48.2416371	48.2670805	59.5339174	59.5593607	
7.646857	48.2416371	48.2670805	59.5339174	59.5593607	
7.66016	48.2416371	48.2670805	59.5339174	59.5593607	
7.667136	48.2416371	48.2670805	59.5339174	59.5593607	
7.677358	48.2416371	48.2670805	59.5339174	59.5593607	
7.687684	48.2416371	48.2670805	59.5339174	59.5593607	
7.701257	48.2416371	48.2670805	59.5339174	59.5593607	
7.708829	48.2416371	48.2670805	59.5339174	59.5593607	
7.719124	48.2416371	48.2670805	59.5339174	59.5593607	
7.729695	48.2416371	48.2670805	59.5339174	59.5593607	
7.742887	48.2416371	48.2670805	59.5339174	59.5593607	
7.766302	48.2416371	48.2670805	59.5339174	59.5593607	
7.77213	48.2416371	48.2670805	59.5339174	59.5593607	
7.803972	48.2416371	48.2670805	59.5339174	59.5593607	
7.812359	48.2416371	48.2670805	59.5339174	59.5593607	
7.822389	48.2416371	48.2670805	59.5339174	59.5593607	
7.832689	48.2416371	48.2670805	59.5339174	59.5593607	
7.847006	48.2416371	48.2670805	59.5339174	59.5593607	
7.852668	48.2416371	48.2670805	59.5339174	59.5593607	
7.863375	48.2416371	48.2670805	59.5339174	59.5593607	
7.873395	48.2416371	48.2670805	59.5339174	59.5593607	
7.887724	48.2416371	48.2670805	59.5339174	59.5593607	
7.893916	48.2416371	48.2670805	59.5339174	59.5593607	
7.90453	48.2416371	48.2670805	59.5339174	59.5593607	
7.932279	48.2416371	48.2670805	59.5339174	59.5593607	
7.94996	48.2416371	48.2670805	59.5339174	59.5593607	
7.955542	48.2416371	48.2670805	59.5339174	59.5593607	
7.966433	48.2416371	48.2670805	59.5339174	59.5593607	
7.977855	48.2416371	48.2670805	59.5339174	59.5593607	
7.992434	48.2416371	48.2670805	59.5339174	59.5593607	
8.006633	48.2416371	48.2670805	59.5339174	59.5593607	
8.012489	48.2416371	48.2670805	59.5339174	59.5593607	
8.02293	48.2416371	48.2670805	59.5339174	59.5593607	
8.037365	48.2416371	48.2670805	59.5339174	59.5593607	
8.043236	48.2416371	48.2670805	59.5339174	59.5593607	
8.053663	48.2416371	48.2670805	59.5339174	59.5593607	
8.063248	48.2416371	48.2670805	59.5339174	59.5593607	
8.078445	48.2416371	48.2670805	59.5339174	59.5593607	
8.084195	48.2416371	48.2670805	59.5339174	59.5593607	
8.094579	48.2416371	48.2670805	59.5339174	59.5593607	
8.105215	48.2416371	48.2670805	59.5339174	59.5593607	
8.11919	48.2416371	48.2670805	59.5339174	59.5593607	
8.125517	48.2416371	48.2670805	59.5339174	59.5593607	
8.135332	48.2416371	48.2670805	59.5339174	59.5593607	
8.146198	48.2416371	48.2670805	59.5339174	59.5593607	
8.159723	48.2416371	48.2670805	59.5339174	59.5593607	
8.166209	48.2416371	48.2670805	59.5339174	59.5593607	
8.176951	48.2416371	48.2670805	59.5339174	59.5593607	
8.186585	48.2416371	48.2670805	59.5339174	59.5593607	
8.200556	48.2416371	48.2670805	59.5339174	59.5593607	
8.210335	48.2416371	48.2670805	59.5339174	59.5593607	
8.218104	48.2416371	48.2670805	59.5339174	59.5593607	
8.228683	48.2416371	48.2670805	59.5339174	59.5593607	
8.242449	48.2416371	48.2670805	59.5339174	59.5593607	
8.249429	48.2416371	48.2670805	59.5339174	59.5593607	
8.268383	48.2416371	48.2670805	59.5339174	59.5593607	
8.274559	48.2416371	48.2670805	59.5339174	59.5593607	
8.287729	48.2416371	48.2670805	59.5339174	59.5593607	
8.294978	48.2416371	48.2670805	59.5339174	59.5593607	
8.304845	48.2416371	48.2670805	59.5339174	59.5593607	
8.31571	48.2416371	48.2670805	59.5339174	59.5593607	
8.330414	48.2416371	48.2670805	59.5339174	59.5593607	
8.33637	48.2416371	48.2670805	59.5339174	59.5593607	
8.346447	48.2416371	48.2670805	59.5339174	59.5593607	
8.357118	48.2416371	48.2670805	59.5339174	59.5593607	
8.371425	48.2416371	48.2670805	59.5339174	59.5593607	
8.377437	48.2416371	48.2670805	59.5339174	59.5593607	
8.387178	48.2416371	48.2670805	59.5339174	59.5593607	
8.397418	48.2416371	48.2670805	59.5339174	59.5593607	
8.411449	48.2416371	48.2670805	59.5339174	59.5593607	
8.417638	48.2416371	48.2670805	59.5339174	59.5593607	
8.428625	48.2416371	48.2670805	59.5339174	59.5593607	
8.438983	48.2416371	48.2670805	59.5339174	59.5593607	
8.453339	48.2416371	48.2670805	59.5339174	59.5593607	
8.458567	48.2416371	48.2670805	59.5339174	59.5593607	
8.469812	48.2416371	48.2670805	59.5339174	59.5593607	
8.479854	48.2416371	48.2670805	59.5339174	59.5593607	
8.494089	48.2416371	48.2670805	59.5339174	59.5593607	
8.50181	48.2416371	48.2670805	59.5339174	59.5593607	
8.511849	48.2416371	48.2670805	59.5339174	59.5593607	
8.521958	48.2416371	48.2670805	59.5339174	59.5593607	
8.536505	48.2416371	48.2670805	59.5339174	59.5593607	
8.541337	48.2416371	48.2670805	59.5339174	59.5593607	
8.552455	48.2416371	48.2670805	59.5339174	59.5593607	
8.563046	48.2416371	48.2670805	59.5339174	59.5593607	
8.577469	48.2416371	48.2670805	59.5339174	59.5593607	
8.583413	48.2416371	48.2670805	59.5339174	59.5593607	
8.594449	48.2416371	48.2670805	59.5339174	59.5593607	
8.60523	48.2416371	48.2670805	59.5339174	59.5593607	
8.619589	48.2416371	48.2670805	59.5339174	59.5593607	
8.625479	48.2416371	48.2670805	59.5339174	59.5593607	
8.63523	48.2416371	48.2670805	59.5339174	59.5593607	
8.644975	48.2416371	48.2670805	59.5339174	59.5593607	
8.658561	48.2416371	48.2670805	59.5339174	59.5593607	
8.667805	48.2416371	48.2670805	59.5339174	59.5593607	
8.67664	48.2416371	48.2670805	59.5339174	59.5593607	
8.687165	48.2416371	48.2670805	59.5339174	59.5593607	
8.701283	48.2416371	48.2670805	59.5339174	59.5593607	
8.716529	48.2416371	48.2670805	59.5339174	59.5593607	
8.721985	48.2416371	48.2670805	59.5339174	59.5593607	
8.731871	48.2416371	48.2670805	59.5339174	59.5593607	
8.745984	48.2416371	48.2670805	59.5339174	59.5593607	
8.75283	48.2416371	48.2670805	59.5339174	59.5593607	
8.76309	48.2416371	48.2670805	59.5339174	59.5593607	
8.774697	48.2416371	48.2670805	59.5339174	59.5593607	
8.78769	48.2416371	48.2670805	59.5339174	59.5593607	
8.795469	48.2416371	48.2670805	59.5339174	59.5593607	
8.80432	48.2416371	48.2670805	59.5339174	59.5593607	
8.815218	48.2416371	48.2670805	59.5339174	59.5593607	
8.828296	48.2416371	48.2670805	59.5339174	59.5593607	
8.835652	48.2416371	48.2670805	59.5339174	59.5593607	
8.845978	48.2416371	48.2670805	59.5339174	59.5593607	
8.85531	48.2416371	48.2670805	59.5339174	59.5593607	
8.878061	48.2416371	48.2670805	59.5339174	59.5593607	
8.883919	48.2416371	48.2670805	59.5339174	59.5593607	
8.894242	48.2416371	48.2670805	59.5339174	59.5593607	
8.905111	48.2416371	48.2670805	59.5339174	59.5593607	
8.948678	48.2416371	48.2670805	59.5339174	59.5593607	
8.955378	48.2416371	48.2670805	59.5339174	59.5593607	
8.96648	48.2416371	48.2670805	59.5339174	59.5593607	
8.97644	48.2416371	48.2670805	59.5339174	59.5593607	
8.99032	48.2416371	48.2670805	59.5339174	59.5593607	
9.006625	48.2416371	48.2670805	59.5339174	59.5593607	
9.013115	48.2416371	48.2670805	59.5339174	59.5593607	
9.023438	48.2416371	48.2670805	59.5339174	59.5593607	
9.037762	48.2416371	48.2670805	59.5339174	59.5593607	
9.043787	48.2416371	48.2670805	59.5339174	59.5593607	
9.053525	48.2416371	48.2670805	59.5339174	59.5593607	
9.063885	48.2416371	48.2670805	59.5339174	59.5593607	
9.07809	48.2416371	48.2670805	59.5339174	59.5593607	
9.084776	48.2416371	48.2670805	59.5339174	59.5593607	
9.094754	48.2416371	48.2670805	59.5339174	59.5593607	
9.104816	48.2416371	48.2670805	59.5339174	59.5593607	
9.118471	48.2416371	48.2670805	59.5339174	59.5593607	
9.133517	48.2416371	48.2670805	59.5339174	59.5593607	
9.140343	48.2416371	48.2670805	59.5339174	59.5593607	
9.149281	48.2416371	48.2670805	59.5339174	59.5593607	
9.172848	48.2416371	48.2670805	59.5339174	59.5593607	
9.178741	48.2416371	48.2670805	59.5339174	59.5593607	
9.189535	48.2416371	48.2670805	59.5339174	59.5593607	
9.199993	48.2416371	48.2670805	59.5339174	59.5593607	
9.215036	48.2416371	48.2670805	59.5339174	59.5593607	
9.220894	48.2416371	48.2670805	59.5339174	59.5593607	
9.23052	48.2416371	48.2670805	59.5339174	59.5593607	
9.242095	48.2416371	48.2670805	59.5339174	59.5593607	
9.256598	48.2416371	48.2670805	59.5339174	59.5593607	
9.262837	48.2416371	48.2670805	59.5339174	59.5593607	
9.272829	48.2416371	48.2670805	59.5339174	59.5593607	
9.282922	48.2416371	48.2670805	59.5339174	59.5593607	
9.298783	48.2416371	48.2670805	59.5339174	59.5593607	
9.305522	48.2416371	48.2670805	59.5339174	59.5593607	
9.314252	48.2416371	48.2670805	59.5339174	59.5593607	
9.32454	48.2416371	48.2670805	59.5339174	59.5593607	
9.339092	48.2416371	48.2670805	59.5339174	59.5593607	
9.34514	48.2416371	48.2670805	59.5339174	59.5593607	
9.359454	48.2416371	48.2670805	59.5339174	59.5593607	
9.368228	48.2416371	48.2670805	59.5339174	59.5593607	
9.382633	48.2416371	48.2670805	59.5339174	59.5593607	
9.388848	48.2416371	48.2670805	59.5339174	59.5593607	
9.398813	48.2416371	48.2670805	59.5339174	59.5593607	
9.409201	48.2416371	48.2670805	59.5339174	59.5593607	
9.422058	48.2416371	48.2670805	59.5339174	59.5593607	
9.429799	48.2416371	48.2670805	59.5339174	59.5593607	
9.439152	48.2416371	48.2670805	59.5339174	59.5593607	
9.44984	48.2416371	48.2670805	59.5339174	59.5593607	
9.465404	48.2416371	48.2670805	59.5339174	59.5593607	
9.470871	48.2416371	48.2670805	59.5339174	59.5593607	
9.481079	48.2416371	48.2670805	59.5339174	59.5593607	
9.501414	48.2416371	48.2670805	59.5339174	59.5593607	
9.509804	48.2416371	48.2670805	59.5339174	59.5593607	
9.517686	48.2416371	48.2670805	59.5339174	59.5593607	
9.528092	48.2416371	48.2670805	59.5339174	59.5593607	
9.538265	48.2416371	48.2670805	59.5339174	59.5593607	
9.551637	48.2416371	48.2670805	59.5339174	59.5593607	
9.558743	48.2416371	48.2670805	59.5339174	59.5593607	
9.569226	48.2416371	48.2670805	59.5339174	59.5593607	
9.57903	48.2416371	48.2670805	59.5339174	59.5593607	
9.59319	48.2416371	48.2670805	59.5339174	59.5593607	
9.59931	48.2416371	48.2670805	59.5339174	59.5593607	
9.618867	48.2416371	48.2670805	59.5339174	59.5593607	
9.624809	48.2416371	48.2670805	59.5339174	59.5593607	
9.638471	48.2416371	48.2670805	59.5339174	59.5593607	
9.64584	48.2416371	48.2670805	59.5339174	59.5593607	
9.65539	48.2416371	48.2670805	59.5339174	59.5593607	
9.665833	48.2416371	48.2670805	59.5339174	59.5593607	
9.680253	48.2416371	48.2670805	59.5339174	59.5593607	
9.686343	48.2416371	48.2670805	59.5339174	59.5593607	
9.697234	48.2416371	48.2670805	59.5339174	59.5593607	
9.717252	48.2416371	48.2670805	59.5339174	59.5593607	
9.72805	48.2416371	48.2670805	59.5339174	59.5593607	
9.733264	48.2416371	48.2670805	59.5339174	59.5593607	
9.745006	48.2416371	48.2670805	59.5339174	59.5593607	
9.755248	48.2416371	48.2670805	59.5339174	59.5593607	
9.769891	48.2416371	48.2670805	59.5339174	59.5593607	
9.78486	48.2416371	48.2670805	59.5339174	59.5593607	
9.790657	48.2416371	48.2670805	59.5339174	59.5593607	
9.800646	48.2416371	48.2670805	59.5339174	59.5593607	
9.814729	48.2416371	48.2670805	59.5339174	59.5593607	
9.821872	48.2416371	48.2670805	59.5339174	59.5593607	
9.831908	48.2416371	48.2670805	59.5339174	59.5593607	
9.842141	48.2416371	48.2670805	59.5339174	59.5593607	
9.857295	48.2416371	48.2670805	59.5339174	59.5593607	
9.863029	48.2416371	48.2670805	59.5339174	59.5593607	
9.872918	48.2416371	48.2670805	59.5339174	59.5593607	
9.883637	48.2416371	48.2670805	59.5339174	59.5593607	
9.897427	48.2416371	48.2670805	59.5339174	59.5593607	
9.905477	48.2416371	48.2670805	59.5339174	59.5593607	
9.916269	48.2416371	48.2670805	59.5339174	59.5593607	
9.925068	48.2416371	48.2670805	59.5339174	59.5593607	
9.93858	48.2416371	48.2670805	59.5339174	59.5593607	
9.945562	48.2416371	48.2670805	59.5339174	59.5593607	
9.95573	48.2416371	48.2670805	59.5339174	59.5593607	
9.965454	48.2416371	48.2670805	59.5339174	59.5593607	
9.980096	48.2416371	48.2670805	59.5339174	59.5593607	
9.98598	48.2416371	48.2670805	59.5339174	59.5593607	
9.996182	48.2416371	48.2670805	59.5339174	59.5593607	
10.00737	48.2416371	48.2670805	59.5339174	59.5593607	
10.0214	48.2416371	48.2670805	59.5339174	59.5593607	
10.02754	48.2416371	48.2670805	59.5339174	59.5593607	
10.03874	48.2416371	48.2670805	59.5339174	59.5593607	
10.04868	48.2416371	48.2670805	59.5339174	59.5593607	
10.06306	48.2416371	48.2670805	59.5339174	59.5593607	
10.0692	48.2416371	48.2670805	59.5339174	59.5593607	
10.08033	48.2416371	48.2670805	59.5339174	59.5593607	
10.09042	48.2416371	48.2670805	59.5339174	59.5593607	
10.10521	48.2416371	48.2670805	59.5339174	59.5593607	
10.11171	48.2416371	48.2670805	59.5339174	59.5593607	
10.12192	48.2416371	48.2670805	59.5339174	59.5593607	
10.13249	48.2416371	48.2670805	59.5339174	59.5593607	
10.1555	48.2416371	48.2670805	59.5339174	59.5593607	
10.16089	48.2416371	48.2670805	59.5339174	59.5593607	
10.17216	48.2416371	48.2670805	59.5339174	59.5593607	
10.19096	48.2416371	48.2670805	59.5339174	59.5593607	
10.20148	48.2416371	48.2670805	59.5339174	59.5593607	
10.20777	48.2416371	48.2670805	59.5339174	59.5593607	
10.21793	48.2416371	48.2670805	59.5339174	59.5593607	
10.2277	48.2416371	48.2670805	59.5339174	59.5593607	
10.24202	48.2416371	48.2670805	59.5339174	59.5593607	
10.24802	48.2416371	48.2670805	59.5339174	59.5593607	
10.25864	48.2416371	48.2670805	59.5339174	59.5593607	
10.26798	48.2416371	48.2670805	59.5339174	59.5593607	
10.28302	48.2416371	48.2670805	59.5339174	59.5593607	
10.28913	48.2416371	48.2670805	59.5339174	59.5593607	
10.29944	48.2416371	48.2670805	59.5339174	59.5593607	
10.30924	48.2416371	48.2670805	59.5339174	59.5593607	
10.32356	48.2416371	48.2670805	59.5339174	59.5593607	
10.3293	48.2416371	48.2670805	59.5339174	59.5593607	
10.33962	48.2416371	48.2670805	59.5339174	59.5593607	
10.35113	48.2416371	48.2670805	59.5339174	59.5593607	
10.36585	48.2416371	48.2670805	59.5339174	59.5593607	
10.37169	48.2416371	48.2670805	59.5339174	59.5593607	
10.38158	48.2416371	48.2670805	59.5339174	59.5593607	
10.39239	48.2416371	48.2670805	59.5339174	59.5593607	
10.40735	48.2416371	48.2670805	59.5339174	59.5593607	
10.4215	48.2416371	48.2670805	59.5339174	59.5593607	
10.42815	48.2416371	48.2670805	59.5339174	59.5593607	
10.4379	48.2416371	48.2670805	59.5339174	59.5593607	
10.45153	48.2416371	48.2670805	59.5339174	59.5593607	
10.45955	48.2416371	48.2670805	59.5339174	59.5593607	
10.46925	48.2416371	48.2670805	59.5339174	59.5593607	
10.47934	48.2416371	48.2670805	59.5339174	59.5593607	
10.49391	48.2416371	48.2670805	59.5339174	59.5593607	
10.50876	48.2416371	48.2670805	59.5339174	59.5593607	
10.52381	48.2416371	48.2670805	59.5339174	59.5593607	
10.53329	48.2416371	48.2670805	59.5339174	59.5593607	
10.54024	48.2416371	48.2670805	59.5339174	59.5593607	
10.55079	48.2416371	48.2670805	59.5339174	59.5593607	
10.56133	48.2416371	48.2670805	59.5339174	59.5593607	
10.57544	48.2416371	48.2670805	59.5339174	59.5593607	
10.58173	48.2416371	48.2670805	59.5339174	59.5593607	
10.59184	48.2416371	48.2670805	59.5339174	59.5593607	
10.60222	48.2416371	48.2670805	59.5339174	59.5593607	
10.61669	48.2416371	48.2670805	59.5339174	59.5593607	
10.63246	48.2416371	48.2670805	59.5339174	59.5593607	
10.63761	48.2416371	48.2670805	59.5339174	59.5593607	
10.64898	48.2416371	48.2670805	59.5339174	59.5593607	
10.66258	48.2416371	48.2670805	59.5339174	59.5593607	
10.66872	48.2416371	48.2670805	59.5339174	59.5593607	
10.67995	48.2416371	48.2670805	59.5339174	59.5593607	
10.69014	48.2416371	48.2670805	59.5339174	59.5593607	
10.70531	48.2416371	48.2670805	59.5339174	59.5593607	
10.71115	48.2416371	48.2670805	59.5339174	59.5593607	
10.72129	48.2416371	48.2670805	59.5339174	59.5593607	
10.73131	48.2416371	48.2670805	59.5339174	59.5593607	
10.74643	48.2416371	48.2670805	59.5339174	59.5593607	
10.75216	48.2416371	48.2670805	59.5339174	59.5593607	
10.76318	48.2416371	48.2670805	59.5339174	59.5593607	
10.77328	48.2416371	48.2670805	59.5339174	59.5593607	
10.78699	48.2416371	48.2670805	59.5339174	59.5593607	
10.79313	48.2416371	48.2670805	59.5339174	59.5593607	
10.80317	48.2416371	48.2670805	59.5339174	59.5593607	
10.8143	48.2416371	48.2670805	59.5339174	59.5593607	
10.82879	48.2416371	48.2670805	59.5339174	59.5593607	
10.83415	48.2416371	48.2670805	59.5339174	59.5593607	
10.84453	48.2416371	48.2670805	59.5339174	59.5593607	
10.85454	48.2416371	48.2670805	59.5339174	59.5593607	
10.8681	48.2416371	48.2670805	59.5339174	59.5593607	
10.87571	48.2416371	48.2670805	59.5339174	59.5593607	
10.8854	48.2416371	48.2670805	59.5339174	59.5593607	
10.89556	48.2416371	48.2670805	59.5339174	59.5593607	
10.90982	48.2416371	48.2670805	59.5339174	59.5593607	
10.91708	48.2416371	48.2670805	59.5339174	59.5593607	
10.92734	48.2416371	48.2670805	59.5339174	59.5593607	
10.94687	48.2416371	48.2670805	59.5339174	59.5593607	
10.95552	48.2416371	48.2670805	59.5339174	59.5593607	
10.96242	48.2416371	48.2670805	59.5339174	59.5593607	
10.97365	48.2416371	48.2670805	59.5339174	59.5593607	
10.98442	48.2416371	48.2670805	59.5339174	59.5593607	
10.99709	48.2416371	48.2670805	59.5339174	59.5593607	
11.0046	48.2416371	48.2670805	59.5339174	59.5593607	
11.01489	48.2416371	48.2670805	59.5339174	59.5593607	
11.02504	48.2416371	48.2670805	59.5339174	59.5593607	
11.03866	48.2416371	48.2670805	59.5339174	59.5593607	
11.04626	48.2416371	48.2670805	59.5339174	59.5593607	
11.05736	48.2416371	48.2670805	59.5339174	59.5593607	
11.06782	48.2416371	48.2670805	59.5339174	59.5593607	
11.08128	48.2416371	48.2670805	59.5339174	59.5593607	
11.08695	48.2416371	48.2670805	59.5339174	59.5593607	
11.09819	48.2416371	48.2670805	59.5339174	59.5593607	
11.11778	48.2416371	48.2670805	59.5339174	59.5593607	
11.12729	48.2416371	48.2670805	59.5339174	59.5593607	
11.13331	48.2416371	48.2670805	59.5339174	59.5593607	
11.14425	48.2416371	48.2670805	59.5339174	59.5593607	
11.15406	48.2416371	48.2670805	59.5339174	59.5593607	
11.17008	48.2416371	48.2670805	59.5339174	59.5593607	
11.17574	48.2416371	48.2670805	59.5339174	59.5593607	
11.18609	48.2416371	48.2670805	59.5339174	59.5593607	
11.19665	48.2416371	48.2670805	59.5339174	59.5593607	
11.21018	48.2416371	48.2670805	59.5339174	59.5593607	
11.21776	48.2416371	48.2670805	59.5339174	59.5593607	
11.22834	48.2416371	48.2670805	59.5339174	59.5593607	
11.2393	48.2416371	48.2670805	59.5339174	59.5593607	
11.25252	48.2416371	48.2670805	59.5339174	59.5593607	
11.25891	48.2416371	48.2670805	59.5339174	59.5593607	
11.26804	48.2416371	48.2670805	59.5339174	59.5593607	
11.27932	48.2416371	48.2670805	59.5339174	59.5593607	
11.29326	48.2416371	48.2670805	59.5339174	59.5593607	
11.29988	48.2416371	48.2670805	59.5339174	59.5593607	
11.31063	48.2416371	48.2670805	59.5339174	59.5593607	
11.32093	48.2416371	48.2670805	59.5339174	59.5593607	
11.33562	48.2416371	48.2670805	59.5339174	59.5593607	
11.34171	48.2416371	48.2670805	59.5339174	59.5593607	
11.36105	48.2416371	48.2670805	59.5339174	59.5593607	
11.36613	48.2416371	48.2670805	59.5339174	59.5593607	
11.37968	48.2416371	48.2670805	59.5339174	59.5593607	
11.387	48.2416371	48.2670805	59.5339174	59.5593607	
11.40648	48.2416371	48.2670805	59.5339174	59.5593607	
11.41279	48.2416371	48.2670805	59.5339174	59.5593607	
11.4267	48.2416371	48.2670805	59.5339174	59.5593607	
11.4322	48.2416371	48.2670805	59.5339174	59.5593607	
11.44249	48.2416371	48.2670805	59.5339174	59.5593607	
